Internal Node
Do you want some movies which has English as its original language?
Internal Node
Do you want some movies with high budget?
Internal Node
Do you want some movies that are longer than 100 minutes?
Internal Node
Do you want some action movies?
Leaf Node
6,7,16,36,39,51,52,53,67,76,80,83,90,104,106,110,112,115,122,132,141,148,149,157,178,183,184,185,186,188,189,207,208,209,210,214,216,234,241,251,268,269,273,274,287,318,322,326,344,351,354,357,358,359,371,377,387,389,400,401,405,413,414,415,429,437,440,445,453,455,456,457,458,459,460,469,470,477,478,479,484,485,486,487,495,501,505,506,507,509,511,514,524,526,531,533,544,553,555,556,557,570,577,589,619,635,656,661,679,693,705,721,724,725,726,728,733,736,745,764,772,774,779,784,789,791,799,801,806,833,835,851,857,858,862,868,875,876,898,902,903,905,915,921,925,926,928,940,945,951,952,964,965,977,980,983,984,985,997,1007,1030,1031,1042,1047,1053,1054,1059,1109,1123,1136,1157,1229,1239,1282,1286,1287,1299,1376,1383,1410,1452,1482,1543,1579,1585,1608,1616,1617,1620,1641,1659,1673,1683,1716,1719,1722,1724,1766,1777,1778,1780,1782,1783,1788,1799,1803,1804,1810,1813,1823,1828,1846,1852,1860,1862,1884,1914,1917,1919,1944,1946,1956,1957,1958,1962,1967,1970,1975,2005,2008,2010,2022,2027,2029,2030,2041,2045,2064,2080,2082,2096,2097,2098,2102,2121,2123,2126,2128,2145,2151,2154,2157,2158,2164,2168,2191,2193,2202,2216,2243,2255,2267,2272,2276,2279,2280,2282,2284,2300,2332,2333,2335,2339,2345,2348,2350,2351,2358,2364,2374,2376,2379,2382,2384,2387,2394,2396,2404,2408,2423,2426,2445,2451,2475,2476,2486,2487,2505,2507,2530,2534,2539,2543,2545,2546,2548,2550,2592,2608,2632,2646,2661,2664,2673,2677,2683,2687,2688,2692,2693,2704,2712,2720,2723,2731,2732,2733,2734,2750,2754,2765,2766,2767,2768,2784,2794,2796,2799,2803,2804,2808,2818,2822,2823,2824,2830,2831,2832,2843,2861,2866,2873,2883,2884,2894,2908,2909,2911,2913,2929,2936,2938,2949,2950,2955,2957,2959,2963,2964,2970,2971,2974,2982,2984,3000,3001,3006,3011,3018,3027,3035,3043,3044,3062,3070,3074,3090,3092,3105,3108,3111,3145,3148,3154,3215,3216,3218,3233,3306,3322,3331,3345,3352,3368,3372,3382,3416,3422,3437,3450,3453,3472,3477,3503,3540,3543,3603,3610,3644,3649,3656,3672,3679,3715,3716,3728,3738,3745,3749,3760,3799,3808,3812,3855,3862,3872,3901,3948,4056,4062,4093,4107,4131,4150,4234,4257,4306,4346,4349,4367,4440,4579
Leaf Node
3,9,23,24,50,68,70,99,116,117,120,126,128,147,161,167,175,182,192,199,201,202,203,222,228,230,246,247,248,249,250,256,259,281,292,316,319,320,330,339,363,393,395,396,408,422,430,463,467,482,483,491,494,515,525,530,535,536,537,538,539,543,552,559,567,568,583,591,593,599,603,608,626,632,640,648,653,672,678,683,687,695,697,700,713,737,738,751,761,773,776,780,797,813,820,841,855,873,906,914,957,966,976,989,1043,1052,1056,1057,1125,1228,1230,1238,1240,1276,1284,1295,1335,1336,1356,1357,1404,1460,1534,1550,1562,1601,1647,1678,1751,1752,1795,1806,1820,1824,1831,1853,1872,1882,1913,1916,1922,1953,1966,1984,1985,1986,2038,2042,2069,2070,2073,2075,2081,2090,2095,2099,2103,2108,2111,2149,2156,2178,2213,2226,2240,2245,2250,2252,2271,2291,2299,2304,2306,2328,2329,2353,2363,2412,2425,2427,2435,2446,2465,2519,2529,2552,2553,2563,2585,2614,2645,2658,2667,2684,2685,2708,2713,2730,2735,2743,2747,2752,2753,2760,2774,2809,2846,2868,2875,2886,2898,2926,2928,2953,2956,2961,2965,2995,3026,3052,3078,3091,3128,3150,3177,3188,3203,3224,3230,3236,3246,3251,3270,3276,3307,3308,3309,3321,3327,3334,3381,3385,3424,3476,3481,3509,3531,3537,3569,3623,3659,3660,3675,3681,3787,3819,3840,3906,3978,4038,4052,4123,4161,4168,4188,4223,4297,4477,4831
Internal Node
Do you want some action movies?
Leaf Node
169,211,212,497,500,522,527,588,615,651,652,749,805,847,852,886,913,1025,1116,1158,1191,1243,1366,1449,1464,1598,1606,1711,1721,1809,1814,1821,1854,1894,1945,1954,1965,1968,2006,2060,2067,2107,2116,2127,2203,2215,2225,2283,2393,2444,2492,2567,2707,2829,2912,2988,3045,3156,3180,3290,3458,3536,3697,3912,4108,4233,4498
Leaf Node
2,13,152,198,298,299,300,306,324,334,355,356,374,375,464,542,569,582,596,654,662,686,727,731,747,760,769,778,802,811,812,814,826,837,842,884,890,891,907,909,916,927,941,942,950,990,1002,1004,1006,1010,1011,1014,1015,1016,1019,1041,1050,1051,1055,1058,1060,1090,1104,1108,1111,1115,1117,1122,1126,1140,1144,1146,1147,1164,1169,1185,1187,1199,1266,1273,1289,1322,1325,1329,1341,1344,1377,1402,1411,1417,1422,1429,1451,1479,1509,1542,1565,1570,1614,1646,1668,1792,1829,1830,1849,1863,1873,1875,1934,1960,1963,1981,2014,2028,2034,2035,2091,2118,2136,2160,2161,2169,2179,2180,2196,2217,2259,2278,2288,2303,2305,2326,2355,2380,2383,2385,2411,2420,2437,2459,2472,2484,2555,2591,2593,2594,2674,2719,2744,2812,2850,2932,3067,3075,3094,3210,3220,3221,3222,3268,3297,3329,3351,3379,3459,3474,3552,3666,3667,3709,3754,3935
Internal Node
Do you want some movies that are longer than 100 minutes?
Internal Node
Do you want some action movies?
Leaf Node
1,8,31,32,34,35,37,40,43,45,72,74,79,84,91,103,105,107,119,123,125,140,176,187,217,231,237,238,239,242,243,244,252,254,255,258,261,262,263,265,266,267,270,275,290,311,312,314,327,341,348,349,350,361,365,367,372,397,403,420,439,444,446,472,474,475,476,498,499,508,512,517,561,618,627,636,657,659,660,689,694,698,703,710,712,740,744,756,763,767,768,770,794,796,844,845,850,860,861,866,877,881,885,893,894,912,929,935,937,938,954,955,963,974,1027,1049,1072,1079,1093,1094,1095,1099,1102,1110,1120,1129,1134,1203,1223,1251,1253,1267,1283,1303,1320,1321,1327,1343,1378,1401,1405,1407,1412,1437,1438,1477,1529,1555,1600,1623,1671,1674,1682,1737,1748,1769,1781,1784,1822,1826,1927,1936,1940,1949,1969,1971,2036,2048,2049,2052,2053,2074,2083,2131,2142,2143,2150,2162,2166,2175,2182,2244,2247,2251,2265,2295,2296,2298,2316,2338,2356,2378,2402,2403,2424,2501,2509,2514,2522,2525,2533,2568,2578,2597,2606,2615,2630,2651,2681,2718,2728,2791,2810,2820,2834,2842,2852,2856,2863,2874,2887,2889,2905,2906,2930,2948,2962,2967,2976,2978,2994,3125,3149,3166,3168,3170,3176,3186,3187,3205,3208,3211,3213,3223,3227,3231,3247,3278,3285,3317,3340,3344,3346,3383,3409,3423,3425,3428,3451,3461,3463,3467,3478,3480,3486,3487,3493,3532,3534,3564,3573,3609,3617,3635,3717,3720,3734,3767,3798,3809,3820,3849,3864,3865,3889,3902,3920,3952,3953,3973,3977,3983,3998,4007,4050,4073,4074,4102,4105,4109,4114,4130,4141,4160,4164,4167,4172,4239,4336,4364,4384,4386,4401,4402,4409,4447,4485,4486,4527,4541,4567,4575,4661,4664,4680,4780,4802,4818,4890,4925,5115,5135,5166
Leaf Node
4,5,11,12,14,18,19,20,21,22,25,26,27,41,42,44,47,48,49,54,57,58,60,61,62,65,66,69,71,73,75,77,78,82,85,86,87,88,95,96,97,98,100,101,108,109,111,114,118,121,124,130,131,134,136,139,142,146,150,151,153,156,160,162,163,164,166,170,171,172,173,174,180,181,190,191,193,194,195,197,200,205,206,213,215,218,219,220,223,224,229,233,236,253,257,260,271,276,282,283,284,285,286,288,291,294,295,296,297,307,308,310,317,321,325,328,331,335,336,337,338,340,342,343,346,352,362,366,368,369,370,378,380,381,383,384,391,399,402,411,416,419,423,424,426,428,431,433,436,441,442,447,452,461,466,471,473,480,488,489,492,493,513,516,523,534,540,541,550,551,558,562,563,572,574,576,578,579,587,590,592,594,595,601,604,605,606,607,616,617,621,622,625,630,633,639,641,645,649,650,663,664,667,669,670,671,673,674,675,676,677,680,684,691,696,699,701,708,714,717,718,723,739,742,743,746,748,750,759,762,771,777,787,793,795,798,800,808,819,829,830,831,838,843,856,871,878,883,888,892,901,911,923,924,933,944,946,949,956,967,969,972,973,978,981,982,986,987,991,992,993,995,996,998,1000,1005,1026,1028,1033,1035,1036,1048,1065,1074,1075,1078,1086,1098,1103,1105,1124,1133,1139,1141,1152,1153,1154,1161,1177,1189,1192,1194,1196,1197,1200,1209,1211,1214,1241,1247,1257,1265,1269,1270,1271,1272,1275,1291,1292,1296,1297,1306,1307,1308,1311,1313,1319,1323,1334,1337,1340,1351,1353,1361,1369,1381,1387,1390,1414,1415,1416,1420,1424,1433,1434,1440,1443,1455,1465,1466,1469,1472,1476,1491,1493,1514,1520,1525,1530,1535,1537,1551,1558,1564,1566,1574,1576,1577,1580,1587,1599,1607,1609,1613,1624,1630,1631,1653,1655,1658,1660,1662,1664,1665,1680,1695,1705,1723,1726,1731,1740,1741,1746,1758,1767,1770,1772,1776,1790,1791,1798,1801,1802,1808,1819,1825,1851,1864,1867,1870,1874,1885,1886,1890,1892,1897,1898,1901,1920,1923,1947,1952,1955,1964,1976,1983,1987,1990,2000,2001,2011,2017,2020,2040,2050,2056,2062,2078,2079,2085,2100,2101,2104,2105,2109,2112,2120,2122,2129,2132,2148,2153,2155,2176,2194,2208,2209,2214,2229,2230,2232,2242,2246,2258,2262,2266,2268,2269,2277,2297,2302,2321,2325,2347,2370,2389,2390,2399,2405,2406,2415,2416,2417,2418,2421,2429,2431,2452,2456,2460,2483,2503,2504,2510,2513,2515,2516,2523,2527,2540,2541,2547,2549,2565,2572,2575,2577,2582,2588,2595,2600,2601,2607,2610,2611,2613,2620,2623,2625,2626,2628,2631,2637,2638,2639,2642,2643,2647,2648,2649,2652,2663,2671,2672,2678,2679,2682,2689,2696,2697,2705,2715,2722,2725,2726,2738,2739,2740,2758,2763,2770,2777,2793,2800,2805,2807,2811,2815,2816,2840,2844,2848,2849,2853,2858,2862,2865,2867,2872,2876,2878,2879,2881,2888,2893,2902,2910,2920,2925,2931,2934,2937,2939,2942,2943,2944,2958,2966,2968,2969,2972,2977,2979,2981,2985,2986,2987,2992,2993,2996,3002,3003,3004,3010,3012,3013,3016,3019,3036,3037,3056,3068,3080,3089,3100,3110,3114,3117,3118,3130,3131,3132,3143,3151,3158,3167,3171,3182,3185,3192,3193,3197,3200,3202,3206,3207,3209,3212,3214,3225,3226,3232,3238,3245,3249,3252,3253,3261,3282,3284,3286,3291,3293,3298,3299,3301,3311,3316,3319,3320,3323,3325,3328,3337,3338,3343,3349,3358,3361,3377,3384,3388,3394,3396,3406,3408,3412,3413,3419,3426,3427,3430,3433,3434,3435,3438,3440,3445,3452,3457,3460,3462,3470,3473,3479,3483,3484,3490,3502,3514,3518,3519,3520,3526,3527,3530,3541,3542,3549,3556,3566,3575,3577,3586,3587,3588,3589,3590,3593,3599,3612,3615,3616,3620,3621,3622,3624,3630,3636,3637,3640,3642,3648,3651,3653,3654,3658,3676,3683,3688,3693,3694,3698,3708,3712,3718,3723,3724,3726,3727,3730,3735,3737,3740,3744,3747,3748,3750,3751,3759,3761,3771,3772,3774,3775,3785,3792,3793,3795,3801,3802,3803,3804,3806,3811,3813,3814,3815,3821,3823,3824,3835,3836,3838,3839,3841,3846,3847,3852,3853,3859,3870,3877,3885,3892,3899,3907,3913,3921,3923,3928,3930,3931,3934,3937,3945,3956,3957,3958,3959,3966,3967,3968,3975,3981,3982,3984,3987,3992,3993,3996,3999,4002,4011,4012,4021,4024,4033,4034,4036,4037,4039,4044,4045,4047,4048,4053,4054,4057,4058,4061,4064,4066,4076,4077,4079,4087,4089,4095,4096,4098,4112,4118,4135,4154,4156,4163,4166,4169,4176,4187,4189,4197,4199,4210,4211,4215,4218,4235,4236,4246,4251,4252,4264,4276,4289,4290,4291,4295,4305,4309,4317,4323,4333,4342,4345,4359,4360,4362,4373,4375,4376,4377,4380,4389,4394,4403,4405,4420,4428,4431,4443,4449,4452,4458,4461,4463,4470,4473,4476,4479,4480,4482,4483,4487,4494,4496,4501,4504,4521,4529,4532,4535,4552,4553,4554,4568,4571,4576,4585,4588,4590,4594,4603,4604,4609,4610,4622,4624,4626,4631,4634,4638,4649,4656,4657,4660,4663,4667,4668,4671,4676,4678,4681,4693,4699,4700,4719,4721,4734,4740,4749,4754,4755,4757,4764,4771,4779,4796,4811,4819,4832,4845,4850,4881,4889,4891,4909,4912,4917,4928,4931,4938,4948,4970,4975,4976,4984,5013,5022,5042,5047,5048,5057,5063,5075,5078,5098,5103,5111,5132,5140,5163,5164,5170,5183,5199,5201,5212,5228
Internal Node
Do you want some action movies?
Leaf Node
38,159,329,385,386,406,407,417,418,432,454,465,468,490,504,520,528,529,602,688,692,702,707,735,781,788,807,821,822,825,832,853,870,908,910,930,948,962,970,971,988,994,1008,1013,1032,1061,1062,1073,1083,1087,1092,1112,1118,1135,1143,1148,1163,1190,1202,1204,1206,1217,1224,1250,1255,1262,1290,1312,1316,1318,1339,1347,1348,1350,1355,1370,1418,1419,1439,1442,1447,1453,1462,1471,1474,1481,1485,1490,1501,1518,1524,1536,1552,1560,1561,1582,1595,1610,1618,1639,1652,1654,1661,1666,1685,1699,1700,1703,1714,1725,1733,1738,1743,1768,1818,1859,1866,1877,1878,1881,1889,1905,1918,1921,1935,1961,1997,2012,2019,2021,2032,2039,2054,2068,2088,2106,2125,2134,2163,2197,2198,2206,2212,2218,2253,2260,2281,2322,2340,2349,2366,2377,2398,2440,2443,2454,2462,2473,2477,2482,2489,2536,2562,2566,2598,2612,2621,2634,2636,2650,2660,2701,2706,2709,2710,2717,2742,2746,2769,2778,2785,2788,2795,2821,2855,2864,2877,2891,2896,2897,2900,2901,2904,2916,2917,2921,2924,2940,2954,2980,2990,3014,3015,3021,3028,3040,3083,3084,3119,3123,3127,3138,3152,3191,3237,3250,3257,3258,3287,3296,3312,3341,3380,3393,3401,3403,3410,3411,3420,3431,3466,3469,3482,3485,3492,3494,3496,3501,3505,3533,3571,3576,3578,3579,3583,3594,3600,3608,3611,3619,3677,3685,3691,3710,3713,3721,3729,3732,3762,3766,3777,3782,3788,3789,3790,3797,3800,3822,3827,3842,3844,3856,3873,3883,3903,3919,3922,3965,3997,4001,4003,4018,4030,4043,4049,4060,4067,4068,4069,4084,4132,4145,4152,4157,4159,4180,4192,4225,4228,4256,4273,4283,4293,4296,4298,4312,4313,4314,4315,4321,4372,4382,4385,4392,4393,4399,4404,4429,4441,4459,4460,4472,4481,4488,4495,4500,4502,4507,4534,4557,4562,4566,4578,4625,4635,4645,4684,4686,4688,4692,4697,4702,4705,4730,4741,4761,4785,4787,4793,4794,4795,4815,4835,4847,4853,4856,4858,4859,4866,4872,4876,4877,4902,4906,4908,4918,4920,4922,4927,4935,4943,4954,4989,4994,5018,5019,5030,5035,5050,5062,5067,5070,5073,5079,5086,5097,5099,5108,5109,5117,5207,5210,5216,5237,5245,5246
Leaf Node
0,10,17,29,33,59,89,92,94,102,113,133,137,143,145,155,158,168,177,179,196,221,225,227,240,264,272,277,278,279,280,289,293,301,302,303,304,305,315,323,332,333,345,353,360,376,379,388,390,409,410,412,421,425,427,434,438,443,448,449,450,451,462,496,503,510,518,519,532,547,548,554,560,564,565,566,571,573,580,581,585,597,598,600,609,610,611,612,613,614,620,623,638,643,644,646,666,681,682,685,704,706,711,715,716,720,722,730,734,752,753,754,757,765,775,786,790,792,803,804,810,815,816,817,818,824,827,828,834,836,839,840,849,854,859,863,864,865,867,869,872,874,879,880,887,889,899,900,904,917,918,919,931,932,934,939,943,947,958,959,960,961,968,975,979,999,1001,1003,1009,1012,1017,1018,1020,1021,1022,1023,1024,1034,1037,1038,1039,1040,1044,1045,1046,1063,1067,1068,1069,1070,1071,1076,1077,1080,1081,1082,1084,1089,1091,1096,1097,1100,1107,1113,1114,1119,1121,1127,1130,1131,1132,1138,1142,1145,1149,1150,1151,1162,1166,1167,1168,1171,1172,1173,1174,1175,1176,1179,1182,1183,1193,1195,1198,1201,1205,1208,1213,1215,1216,1219,1221,1225,1226,1227,1231,1232,1233,1234,1235,1237,1242,1244,1245,1246,1248,1249,1252,1256,1258,1259,1260,1261,1263,1264,1268,1277,1279,1285,1288,1298,1300,1301,1302,1304,1309,1310,1315,1317,1324,1326,1328,1330,1332,1333,1338,1345,1346,1352,1358,1360,1362,1367,1368,1371,1372,1373,1374,1375,1379,1380,1382,1384,1385,1386,1388,1389,1391,1392,1393,1395,1397,1398,1399,1403,1406,1409,1413,1421,1423,1425,1426,1428,1430,1431,1432,1435,1436,1441,1444,1445,1450,1454,1456,1457,1458,1461,1463,1467,1468,1473,1475,1478,1480,1483,1484,1486,1487,1488,1494,1495,1496,1497,1498,1499,1500,1506,1507,1510,1512,1513,1515,1516,1517,1521,1523,1526,1527,1532,1533,1538,1539,1540,1544,1547,1548,1549,1559,1567,1569,1571,1572,1575,1578,1583,1584,1588,1590,1591,1592,1594,1596,1602,1603,1604,1605,1611,1619,1621,1622,1625,1627,1632,1633,1634,1635,1637,1642,1643,1644,1648,1649,1656,1657,1663,1667,1669,1672,1675,1676,1677,1679,1684,1686,1687,1689,1690,1692,1693,1697,1698,1701,1704,1706,1709,1712,1715,1720,1727,1729,1730,1734,1744,1747,1753,1754,1761,1765,1779,1785,1793,1794,1796,1797,1805,1812,1817,1861,1865,1868,1869,1876,1887,1888,1891,1895,1904,1906,1915,1928,1930,1931,1932,1941,1942,1950,1973,1982,1988,1991,1992,1993,1995,2004,2015,2018,2025,2026,2031,2033,2047,2051,2055,2057,2058,2063,2071,2076,2084,2086,2089,2113,2114,2115,2117,2124,2130,2135,2141,2144,2159,2165,2167,2173,2174,2177,2184,2187,2188,2210,2211,2219,2223,2227,2231,2233,2235,2236,2239,2248,2249,2256,2257,2264,2289,2301,2307,2312,2313,2314,2318,2320,2324,2337,2342,2352,2359,2360,2361,2365,2367,2369,2371,2372,2373,2381,2388,2391,2392,2407,2414,2422,2428,2430,2432,2433,2436,2439,2448,2449,2450,2453,2455,2461,2466,2469,2470,2479,2488,2490,2493,2512,2517,2518,2532,2535,2538,2542,2544,2559,2560,2570,2571,2576,2580,2581,2583,2584,2586,2589,2590,2596,2599,2604,2605,2617,2618,2624,2629,2635,2640,2641,2644,2655,2657,2659,2662,2666,2675,2676,2680,2691,2694,2699,2714,2724,2727,2729,2741,2745,2748,2749,2757,2761,2775,2776,2780,2781,2783,2789,2798,2801,2806,2814,2817,2819,2825,2827,2828,2833,2839,2841,2845,2847,2851,2854,2869,2870,2871,2885,2892,2895,2899,2907,2914,2915,2918,2919,2922,2923,2935,2945,2947,2951,2952,2973,2975,2983,2997,3007,3008,3009,3017,3022,3023,3024,3025,3029,3034,3039,3041,3042,3046,3048,3050,3051,3053,3054,3055,3057,3063,3066,3069,3071,3086,3095,3097,3104,3113,3115,3116,3122,3126,3133,3134,3139,3140,3147,3153,3155,3159,3164,3169,3175,3178,3179,3181,3195,3196,3199,3201,3204,3229,3234,3239,3242,3244,3248,3254,3262,3265,3266,3274,3281,3283,3288,3289,3294,3295,3302,3304,3305,3310,3313,3315,3324,3332,3339,3348,3356,3359,3362,3363,3369,3378,3386,3387,3389,3390,3391,3392,3395,3397,3398,3400,3402,3407,3414,3415,3417,3418,3421,3429,3439,3447,3454,3455,3464,3465,3468,3475,3491,3497,3499,3506,3507,3508,3510,3513,3523,3528,3529,3539,3546,3547,3548,3550,3551,3557,3558,3559,3560,3563,3565,3567,3570,3574,3580,3592,3595,3596,3597,3602,3614,3627,3628,3629,3634,3638,3641,3645,3650,3652,3655,3663,3668,3669,3670,3671,3678,3680,3682,3690,3692,3695,3696,3701,3707,3711,3714,3719,3722,3725,3736,3742,3743,3746,3752,3756,3763,3773,3778,3780,3783,3791,3810,3816,3817,3818,3825,3830,3833,3837,3843,3850,3851,3854,3858,3866,3867,3869,3874,3878,3886,3890,3894,3895,3896,3897,3905,3924,3925,3926,3932,3933,3936,3942,3943,3949,3954,3962,3970,3974,3976,3979,3980,3985,3988,3989,3990,3991,4000,4008,4013,4015,4017,4026,4027,4046,4051,4065,4071,4080,4081,4082,4083,4085,4086,4091,4094,4099,4101,4104,4117,4119,4120,4122,4134,4136,4137,4142,4144,4147,4148,4149,4151,4158,4162,4165,4170,4171,4178,4181,4195,4196,4200,4205,4209,4220,4221,4224,4229,4241,4242,4245,4248,4249,4250,4255,4258,4259,4265,4266,4272,4274,4287,4288,4299,4300,4302,4320,4328,4329,4335,4337,4338,4339,4340,4344,4347,4351,4352,4356,4357,4361,4365,4368,4387,4388,4391,4398,4400,4406,4408,4410,4412,4415,4417,4418,4419,4422,4423,4425,4434,4436,4437,4438,4439,4444,4445,4450,4455,4456,4462,4466,4475,4478,4490,4491,4493,4497,4499,4506,4510,4514,4520,4523,4524,4525,4533,4536,4537,4538,4539,4540,4542,4543,4556,4558,4561,4565,4569,4570,4573,4580,4581,4584,4589,4591,4592,4593,4601,4606,4607,4611,4612,4615,4616,4619,4620,4623,4627,4629,4630,4633,4641,4642,4644,4647,4650,4652,4654,4655,4658,4659,4662,4672,4675,4679,4682,4683,4685,4689,4690,4694,4701,4703,4704,4708,4710,4713,4715,4716,4717,4720,4723,4726,4727,4729,4733,4739,4742,4743,4744,4745,4746,4750,4751,4753,4756,4765,4766,4769,4772,4774,4781,4788,4797,4800,4804,4805,4806,4807,4808,4809,4814,4826,4827,4830,4834,4836,4839,4840,4841,4844,4848,4852,4857,4862,4863,4869,4882,4883,4885,4886,4887,4888,4895,4900,4904,4911,4919,4921,4939,4942,4945,4947,4950,4953,4955,4956,4958,4959,4962,4966,4967,4972,4973,4974,4977,4980,4981,4987,4988,4990,5003,5011,5017,5020,5021,5023,5024,5034,5036,5037,5040,5046,5054,5055,5056,5060,5061,5064,5066,5069,5072,5076,5077,5083,5084,5090,5091,5092,5094,5104,5106,5107,5110,5112,5113,5123,5124,5125,5126,5127,5128,5129,5130,5131,5133,5134,5137,5138,5139,5142,5143,5144,5147,5149,5151,5152,5156,5157,5159,5161,5162,5165,5167,5169,5172,5174,5175,5176,5177,5178,5179,5180,5181,5184,5185,5188,5189,5191,5192,5193,5194,5195,5196,5198,5202,5204,5205,5208,5211,5214,5215,5218,5219,5221,5226,5227,5230,5232,5233,5235,5239,5241,5243,5244,5247,5248,5249
Internal Node
Do you want some movies with high budget?
Internal Node
Do you want some movies that are longer than 100 minutes?
Internal Node
Do you want some action movies?
Leaf Node
2341,3146,3488,3489,3665,3909,4547,4946
Leaf Node
549,575,2837
Internal Node
Do you want some action movies?
Leaf Node
3032,3607
Leaf Node
1459,1713,3136
Internal Node
Do you want some movies that are longer than 100 minutes?
Internal Node
Do you want some action movies?
Leaf Node
63,64,129,232,245,309,404,586,634,719,732,783,809,823,846,882,922,953,1085,1106,1128,1155,1160,1178,1181,1218,1222,1236,1278,1280,1293,1294,1342,1349,1396,1446,1470,1492,1503,1651,1702,1755,1756,1760,1771,1900,1943,1959,1996,2024,2043,2139,2140,2146,2183,2189,2199,2261,2273,2309,2311,2336,2357,2401,2463,2464,2474,2481,2526,2573,2574,2603,2656,2669,2737,2762,2764,2792,2835,2880,2882,2890,2927,3031,3059,3061,3077,3079,3106,3107,3124,3172,3173,3194,3198,3273,3277,3280,3300,3333,3342,3350,3355,3360,3365,3370,3374,3375,3405,3432,3441,3443,3504,3515,3517,3544,3562,3568,3598,3606,3687,3704,3705,3739,3753,3758,3764,3781,3826,3868,3882,3915,3917,3918,3939,3946,3947,3951,3955,3960,3961,3969,3994,3995,4006,4009,4010,4014,4028,4041,4078,4090,4097,4106,4124,4129,4133,4140,4153,4194,4217,4247,4301,4327,4343,4374,4379,4395,4453,4467,4469,4471,4508,4515,4519,4522,4560,4602,4605,4613,4617,4640,4670,4799,4864,4884,4894,4899,4968,5031,5032,5043,5044,5058
Leaf Node
15,30,46,55,56,81,127,135,154,204,226,347,373,382,392,394,398,481,628,629,642,655,665,668,690,729,755,936,1088,1156,1165,1170,1186,1188,1207,1210,1220,1254,1281,1359,1394,1489,1502,1505,1508,1519,1522,1541,1568,1589,1593,1612,1615,1626,1636,1638,1694,1708,1718,1732,1736,1742,1749,1800,1807,1811,1845,1855,1871,1879,1883,1893,1903,1933,1937,1938,1948,1951,1972,1974,1977,1994,1999,2002,2007,2013,2037,2065,2066,2077,2094,2110,2137,2138,2170,2190,2204,2228,2237,2241,2285,2308,2310,2346,2386,2409,2410,2413,2419,2434,2447,2478,2480,2511,2521,2528,2557,2616,2622,2654,2686,2700,2721,2755,2756,2772,2773,2790,2802,2838,2933,2941,2960,2998,3005,3076,3081,3082,3088,3096,3099,3101,3103,3120,3121,3141,3189,3217,3228,3260,3264,3269,3271,3272,3279,3335,3347,3364,3366,3367,3399,3436,3449,3456,3498,3512,3524,3538,3581,3585,3591,3605,3632,3639,3646,3673,3700,3703,3706,3741,3755,3765,3776,3786,3832,3834,3845,3861,3871,3876,3888,3911,3916,3927,3938,3950,3963,3964,3971,3972,4004,4016,4020,4022,4023,4031,4040,4042,4088,4092,4100,4111,4127,4128,4143,4146,4184,4191,4193,4206,4208,4212,4213,4214,4222,4232,4271,4275,4281,4318,4331,4332,4341,4366,4381,4383,4397,4414,4426,4435,4446,4457,4465,4468,4484,4489,4503,4509,4513,4528,4531,4545,4546,4549,4559,4572,4582,4596,4597,4599,4628,4646,4648,4665,4666,4669,4695,4696,4711,4731,4732,4752,4758,4762,4763,4767,4768,4789,4798,4803,4810,4822,4824,4829,4833,4843,4846,4860,4861,4865,4867,4870,4878,4879,4893,4896,4897,4898,4903,4905,4913,4915,4916,4924,4932,4937,4940,4941,4957,4961,4963,4964,4971,4993,4995,4998,4999,5004,5007,5008,5009,5014,5025,5026,5028,5029,5033,5038,5041,5065,5074,5080,5081,5082,5095,5100,5101,5154,5155,5160,5168,5171,5173,5186,5187,5203,5213,5217,5220,5222,5223,5224,5225,5234,5242,5252
Internal Node
Do you want some action movies?
Leaf Node
28,521,545,546,848,895,897,1029,1064,1066,1159,1180,1184,1212,1531,1545,1553,1556,1557,1563,1581,1586,1597,1628,1629,1640,1650,1670,1688,1696,1707,1735,1745,1757,1764,1773,1775,1786,1787,1789,1827,1833,1834,1835,1836,1837,1838,1839,1840,1841,1842,1843,1847,1848,1850,1880,1899,1907,1908,1909,1910,1911,1924,1929,1989,2059,2092,2133,2147,2152,2220,2221,2222,2254,2290,2319,2330,2343,2354,2375,2397,2457,2502,2506,2556,2587,2609,2619,2665,2782,2786,2797,2813,2836,2859,2860,2946,2989,3020,3049,3064,3093,3129,3142,3165,3190,3219,3263,3354,3357,3446,3495,3561,3633,3647,3657,3689,3784,3805,3828,3829,3848,3863,3875,3879,3880,3893,4019,4032,4035,4070,4115,4125,4138,4139,4173,4185,4190,4203,4216,4254,4280,4307,4319,4371,4390,4427,4448,4464,4474,4550,4583,4586,4637,4651,4698,4722,4725,4736,4737,4760,4770,4773,4783,4786,4813,4820,4821,4823,4825,4851,4875,4880,4949,4960,4965,4982,5002,5010,5096,5118,5121,5197
Leaf Node
93,138,144,165,235,313,364,435,502,584,624,631,637,647,658,709,741,758,766,782,785,896,920,1101,1137,1274,1305,1314,1331,1354,1363,1364,1365,1400,1408,1427,1448,1504,1511,1528,1546,1554,1573,1645,1681,1691,1710,1717,1728,1739,1750,1759,1762,1763,1774,1815,1816,1832,1844,1856,1857,1858,1896,1902,1912,1925,1926,1939,1978,1979,1980,1998,2003,2009,2016,2023,2044,2046,2061,2072,2087,2093,2119,2171,2172,2181,2185,2186,2192,2195,2200,2201,2205,2207,2224,2234,2238,2263,2270,2274,2275,2286,2287,2292,2293,2294,2315,2317,2323,2327,2331,2334,2344,2362,2368,2395,2400,2438,2441,2442,2458,2467,2468,2471,2485,2491,2494,2495,2496,2497,2498,2499,2500,2508,2520,2524,2531,2537,2551,2554,2558,2561,2564,2569,2579,2602,2627,2633,2653,2668,2670,2690,2695,2698,2702,2703,2711,2716,2736,2751,2759,2771,2779,2787,2826,2857,2903,2991,2999,3030,3033,3038,3047,3058,3060,3065,3072,3073,3085,3087,3098,3102,3109,3112,3135,3137,3144,3157,3160,3161,3162,3163,3174,3183,3184,3235,3240,3241,3243,3255,3256,3259,3267,3275,3292,3303,3314,3318,3326,3330,3336,3353,3371,3373,3376,3404,3442,3444,3448,3471,3500,3511,3516,3521,3522,3525,3535,3545,3553,3554,3555,3572,3582,3584,3601,3604,3613,3618,3625,3626,3631,3643,3661,3662,3664,3674,3684,3686,3699,3702,3731,3733,3757,3768,3769,3770,3779,3794,3796,3807,3831,3857,3860,3881,3884,3887,3891,3898,3900,3904,3908,3910,3914,3929,3940,3941,3944,3986,4005,4025,4029,4055,4059,4063,4072,4075,4103,4110,4113,4116,4121,4126,4155,4174,4175,4177,4179,4182,4183,4186,4198,4201,4202,4204,4207,4219,4226,4227,4230,4231,4237,4238,4240,4243,4244,4253,4260,4261,4262,4263,4267,4268,4269,4270,4277,4278,4279,4282,4284,4285,4286,4292,4294,4303,4304,4308,4310,4311,4316,4322,4324,4325,4326,4330,4334,4348,4350,4353,4354,4355,4358,4363,4369,4370,4378,4396,4407,4411,4413,4416,4421,4424,4430,4432,4433,4442,4451,4454,4492,4505,4511,4512,4516,4517,4518,4526,4530,4544,4548,4551,4555,4563,4564,4574,4577,4587,4595,4598,4600,4608,4614,4618,4621,4632,4636,4639,4643,4653,4673,4674,4677,4687,4691,4706,4707,4709,4712,4714,4718,4724,4728,4735,4738,4747,4748,4759,4775,4776,4777,4778,4782,4784,4790,4791,4792,4801,4812,4816,4817,4828,4837,4838,4842,4849,4854,4855,4868,4871,4873,4874,4892,4901,4907,4910,4914,4923,4926,4929,4930,4933,4934,4936,4944,4951,4952,4969,4978,4979,4983,4985,4986,4991,4992,4996,4997,5000,5001,5005,5006,5012,5015,5016,5027,5039,5045,5049,5051,5052,5053,5059,5068,5071,5085,5087,5088,5089,5093,5102,5105,5114,5116,5119,5120,5122,5136,5141,5145,5146,5148,5150,5153,5158,5182,5190,5200,5206,5209,5229,5231,5236,5238,5240,5250,5251
