Internal Node
Do you want some movies which has English as its original language?
Internal Node
Do you want some movies with high budget?
Internal Node
Do you want some movies that are longer than 100 minutes?
Internal Node
Do you want some action movies?
Leaf Node
16,17,26,46,49,61,62,63,77,86,90,93,100,114,116,120,122,125,132,142,151,158,159,167,188,193,194,195,196,198,199,217,218,219,220,224,226,244,251,261,278,279,283,284,297,328,332,336,354,361,364,367,368,369,381,387,397,399,410,411,415,423,424,425,439,447,450,455,463,465,466,467,468,469,470,479,480,487,488,489,494,495,496,497,505,511,515,516,517,519,521,524,534,536,541,543,554,563,565,566,567,580,587,599,629,645,666,671,689,703,715,731,734,735,736,738,743,746,755,774,782,784,789,794,799,801,809,811,816,843,845,861,867,868,872,878,885,886,908,912,913,915,925,931,935,936,938,950,955,961,962,974,975,987,990,993,994,995,1007,1017,1040,1041,1052,1057,1063,1064,1069,1119,1133,1146,1167,1239,1249,1292,1296,1297,1309,1386,1393,1420,1462,1492,1553,1589,1595,1618,1626,1627,1630,1651,1669,1683,1693,1726,1729,1732,1734,1776,1787,1788,1790,1792,1793,1798,1809,1813,1814,1820,1823,1833,1838,1856,1862,1870,1872,1894,1924,1927,1929,1954,1956,1966,1967,1968,1972,1977,1980,1985,2015,2018,2020,2032,2037,2039,2040,2051,2055,2074,2090,2092,2106,2107,2108,2112,2131,2133,2136,2138,2155,2161,2164,2167,2168,2174,2178,2201,2203,2212,2226,2253,2265,2277,2282,2286,2289,2290,2292,2294,2310,2342,2343,2345,2349,2355,2358,2360,2361,2368,2374,2384,2386,2389,2392,2394,2397,2404,2406,2414,2418,2433,2436,2455,2461,2485,2486,2496,2497,2515,2517,2540,2544,2549,2553,2555,2556,2558,2560,2602,2618,2642,2656,2671,2674,2683,2687,2693,2697,2698,2702,2703,2714,2722,2730,2733,2741,2742,2743,2744,2760,2764,2775,2776,2777,2778,2794,2804,2806,2809,2813,2814,2818,2828,2832,2833,2834,2840,2841,2842,2853,2871,2876,2883,2893,2894,2904,2918,2919,2921,2923,2939,2946,2948,2959,2960,2965,2967,2969,2973,2974,2980,2981,2984,2992,2994,3010,3011,3016,3021,3028,3037,3045,3053,3054,3072,3080,3084,3100,3102,3115,3118,3121,3155,3158,3164,3225,3226,3228,3243,3316,3332,3341,3355,3362,3378,3382,3392,3426,3432,3447,3460,3463,3482,3487,3513,3550,3553,3613,3620,3654,3659,3666,3682,3689,3725,3726,3738,3748,3755,3759,3770,3809,3818,3822,3865,3872,3882,3911,3958,4066,4072,4103,4117,4141,4160,4244,4267,4316,4356,4359,4377,4450,4589
Leaf Node
1,2,13,19,33,34,60,78,80,109,126,127,130,136,138,157,171,177,185,192,202,209,211,212,213,232,238,240,256,257,258,259,260,266,269,291,302,326,329,330,340,349,373,403,405,406,418,432,440,473,477,492,493,501,504,525,535,540,545,546,547,548,549,553,562,569,577,578,593,601,603,609,613,618,636,642,650,658,663,682,688,693,697,705,707,710,723,747,748,761,771,783,786,790,807,823,830,851,865,883,916,924,967,976,986,999,1053,1062,1066,1067,1135,1238,1240,1248,1250,1286,1294,1305,1345,1346,1366,1367,1414,1470,1544,1560,1572,1611,1657,1688,1761,1762,1805,1816,1830,1834,1841,1863,1882,1892,1923,1926,1932,1963,1976,1994,1995,1996,2048,2052,2079,2080,2083,2085,2091,2100,2105,2109,2113,2118,2121,2159,2166,2188,2223,2236,2250,2255,2260,2262,2281,2301,2309,2314,2316,2338,2339,2363,2373,2422,2435,2437,2445,2456,2475,2529,2539,2562,2563,2573,2595,2624,2655,2668,2677,2694,2695,2718,2723,2740,2745,2753,2757,2762,2763,2770,2784,2819,2856,2878,2885,2896,2908,2936,2938,2963,2966,2971,2975,3005,3036,3062,3088,3101,3138,3160,3187,3198,3213,3234,3240,3246,3256,3261,3280,3286,3317,3318,3319,3331,3337,3344,3391,3395,3434,3486,3491,3519,3541,3547,3579,3633,3669,3670,3685,3691,3797,3829,3850,3916,3988,4048,4062,4133,4171,4178,4198,4233,4307,4487,4841
Internal Node
Do you want some action movies?
Leaf Node
179,221,222,507,510,532,537,598,625,661,662,759,815,857,862,896,923,1035,1126,1168,1201,1253,1376,1459,1474,1608,1616,1721,1731,1819,1824,1831,1864,1904,1955,1964,1975,1978,2016,2070,2077,2117,2126,2137,2213,2225,2235,2293,2403,2454,2502,2577,2717,2839,2922,2998,3055,3166,3190,3300,3468,3546,3707,3922,4118,4243,4508
Leaf Node
12,23,162,208,308,309,310,316,334,344,365,366,384,385,474,552,579,592,606,664,672,696,737,741,757,770,779,788,812,821,822,824,836,847,852,894,900,901,917,919,926,937,951,952,960,1000,1012,1014,1016,1020,1021,1024,1025,1026,1029,1051,1060,1061,1065,1068,1070,1100,1114,1118,1121,1125,1127,1132,1136,1150,1154,1156,1157,1174,1179,1195,1197,1209,1276,1283,1299,1332,1335,1339,1351,1354,1387,1412,1421,1427,1432,1439,1461,1489,1519,1552,1575,1580,1624,1656,1678,1802,1839,1840,1859,1873,1883,1885,1944,1970,1973,1991,2024,2038,2044,2045,2101,2128,2146,2170,2171,2179,2189,2190,2206,2227,2269,2288,2298,2313,2315,2336,2365,2390,2393,2395,2421,2430,2447,2469,2482,2494,2565,2601,2603,2604,2684,2729,2754,2822,2860,2942,3077,3085,3104,3220,3230,3231,3232,3278,3307,3339,3361,3389,3469,3484,3562,3676,3677,3719,3764,3945
Internal Node
Do you want some movies that are longer than 100 minutes?
Internal Node
Do you want some action movies?
Leaf Node
9,11,18,41,42,44,45,47,50,53,55,82,84,89,94,101,113,115,117,129,133,135,150,186,197,227,241,247,248,249,252,253,254,262,264,265,268,271,272,273,275,276,277,280,285,300,321,322,324,337,351,358,359,360,371,375,377,382,407,413,430,449,454,456,482,484,485,486,508,509,518,522,527,571,628,637,646,667,669,670,699,704,708,713,720,722,750,754,766,773,777,778,780,804,806,854,855,860,870,871,876,887,891,895,903,904,922,939,945,947,948,964,965,973,984,1037,1059,1082,1089,1103,1104,1105,1109,1112,1120,1130,1139,1144,1213,1233,1261,1263,1277,1293,1313,1330,1331,1337,1353,1388,1411,1415,1417,1422,1447,1448,1487,1539,1565,1610,1633,1681,1684,1692,1747,1758,1779,1791,1794,1832,1836,1937,1946,1950,1959,1979,1981,2046,2058,2059,2062,2063,2084,2093,2141,2152,2153,2160,2172,2176,2185,2192,2254,2257,2261,2275,2305,2306,2308,2326,2348,2366,2388,2412,2413,2434,2511,2519,2524,2532,2535,2543,2578,2588,2607,2616,2625,2640,2661,2691,2728,2738,2801,2820,2830,2844,2852,2862,2866,2873,2884,2897,2899,2915,2916,2940,2958,2972,2977,2986,2988,3004,3135,3159,3176,3178,3180,3186,3196,3197,3215,3218,3221,3223,3233,3237,3241,3257,3288,3295,3327,3350,3354,3356,3393,3419,3433,3435,3438,3461,3471,3473,3477,3488,3490,3496,3497,3503,3542,3544,3574,3583,3619,3627,3645,3727,3730,3744,3777,3808,3819,3830,3859,3874,3875,3899,3912,3930,3962,3963,3983,3987,3993,4008,4013,4017,4060,4083,4084,4112,4115,4119,4124,4140,4151,4170,4174,4177,4182,4249,4374,4394,4396,4411,4412,4419,4457,4495,4496,4537,4551,4577,4585,4671,4674,4690,4790,4812,4828,4900,4935,5125,5145,5176
Leaf Node
0,3,4,5,14,15,21,22,24,28,29,30,31,32,35,36,37,51,52,54,57,58,59,64,67,68,70,71,72,75,76,79,81,83,85,87,88,92,95,96,97,98,105,106,107,108,110,111,118,119,121,124,128,131,134,140,141,144,146,149,152,156,160,161,163,166,170,172,173,174,176,180,181,182,183,184,190,191,200,201,203,204,205,207,210,215,216,223,225,228,229,230,233,234,239,243,246,263,267,270,281,286,292,293,294,295,296,298,301,304,305,306,307,317,318,320,327,331,335,338,341,345,346,347,348,350,352,353,356,362,372,376,378,379,380,388,390,391,393,394,401,409,412,421,426,429,433,434,436,438,441,443,446,451,452,457,462,471,476,481,483,490,498,499,502,503,523,526,533,544,550,551,560,561,568,572,573,582,584,586,588,589,597,600,602,604,605,611,614,615,616,617,626,627,631,632,635,640,643,649,651,655,659,660,673,674,677,679,680,681,683,684,685,686,687,690,694,701,706,709,711,718,724,727,728,733,749,752,753,756,758,760,769,772,781,787,797,803,805,808,810,818,829,839,840,841,848,853,866,881,888,893,898,902,911,921,933,934,943,954,956,959,966,977,979,982,983,988,991,992,996,997,1001,1002,1003,1005,1006,1008,1010,1015,1036,1038,1043,1045,1046,1058,1075,1084,1085,1088,1096,1108,1113,1115,1134,1143,1149,1151,1162,1163,1164,1171,1187,1199,1202,1204,1206,1207,1210,1219,1221,1224,1251,1257,1267,1275,1279,1280,1281,1282,1285,1301,1302,1306,1307,1316,1317,1318,1321,1323,1329,1333,1344,1347,1350,1361,1363,1371,1379,1391,1397,1400,1424,1425,1426,1430,1434,1443,1444,1450,1453,1465,1475,1476,1479,1482,1486,1501,1503,1524,1530,1535,1540,1545,1547,1561,1568,1574,1576,1584,1586,1587,1590,1597,1609,1617,1619,1623,1634,1640,1641,1663,1665,1668,1670,1672,1674,1675,1690,1705,1715,1733,1736,1741,1750,1751,1756,1768,1777,1780,1782,1786,1800,1801,1808,1811,1812,1818,1829,1835,1861,1874,1877,1880,1884,1895,1896,1900,1902,1907,1908,1911,1930,1933,1957,1962,1965,1974,1986,1993,1997,2000,2010,2011,2021,2027,2030,2050,2060,2066,2072,2088,2089,2095,2110,2111,2114,2115,2119,2122,2130,2132,2139,2142,2158,2163,2165,2186,2204,2218,2219,2224,2239,2240,2242,2252,2256,2268,2272,2276,2278,2279,2287,2307,2312,2331,2335,2357,2380,2399,2400,2409,2415,2416,2425,2426,2427,2428,2431,2439,2441,2462,2466,2470,2493,2513,2514,2520,2523,2525,2526,2533,2537,2550,2551,2557,2559,2575,2582,2585,2587,2592,2598,2605,2610,2611,2617,2620,2621,2623,2630,2633,2635,2636,2638,2641,2647,2648,2649,2652,2653,2657,2658,2659,2662,2673,2681,2682,2688,2689,2692,2699,2706,2707,2715,2725,2732,2735,2736,2748,2749,2750,2768,2773,2780,2787,2803,2810,2815,2817,2821,2825,2826,2850,2854,2858,2859,2863,2868,2872,2875,2877,2882,2886,2888,2889,2891,2898,2903,2912,2920,2930,2935,2941,2944,2947,2949,2952,2953,2954,2968,2976,2978,2979,2982,2987,2989,2991,2995,2996,2997,3002,3003,3006,3012,3013,3014,3020,3022,3023,3026,3029,3046,3047,3066,3078,3090,3099,3110,3120,3124,3127,3128,3140,3141,3142,3153,3161,3168,3177,3181,3192,3195,3202,3203,3207,3210,3212,3216,3217,3219,3222,3224,3235,3236,3242,3248,3255,3259,3262,3263,3271,3292,3294,3296,3301,3303,3308,3309,3311,3321,3326,3329,3330,3333,3335,3338,3347,3348,3353,3359,3368,3371,3387,3394,3398,3404,3406,3416,3418,3422,3423,3429,3436,3437,3440,3443,3444,3445,3448,3450,3455,3462,3467,3470,3472,3480,3483,3489,3493,3494,3500,3512,3524,3528,3529,3530,3536,3537,3540,3551,3552,3559,3566,3576,3585,3587,3596,3597,3598,3599,3600,3603,3609,3622,3625,3626,3630,3631,3632,3634,3640,3646,3647,3650,3652,3658,3661,3663,3664,3668,3686,3693,3698,3703,3704,3708,3718,3722,3728,3733,3734,3736,3737,3740,3745,3747,3750,3754,3757,3758,3760,3761,3769,3771,3781,3782,3784,3785,3795,3802,3803,3805,3811,3812,3813,3814,3816,3821,3823,3824,3825,3831,3833,3834,3845,3846,3848,3849,3851,3856,3857,3862,3863,3869,3880,3887,3895,3902,3909,3917,3923,3931,3933,3938,3940,3941,3944,3947,3955,3966,3967,3968,3969,3976,3977,3978,3985,3991,3992,3994,3997,4002,4003,4006,4009,4012,4021,4022,4031,4034,4043,4044,4046,4047,4049,4054,4055,4057,4058,4063,4064,4067,4068,4071,4074,4076,4086,4087,4089,4097,4099,4105,4106,4108,4122,4128,4145,4164,4166,4173,4176,4179,4186,4197,4199,4207,4209,4220,4221,4225,4228,4245,4246,4256,4261,4262,4274,4286,4299,4300,4301,4305,4315,4319,4327,4333,4343,4346,4352,4355,4369,4370,4372,4383,4385,4386,4387,4390,4399,4404,4413,4415,4430,4438,4441,4453,4459,4462,4468,4471,4473,4480,4483,4486,4489,4490,4492,4493,4497,4504,4506,4511,4514,4531,4539,4542,4545,4562,4563,4564,4578,4581,4586,4595,4598,4600,4604,4613,4614,4619,4620,4632,4634,4636,4641,4644,4648,4659,4666,4667,4670,4673,4677,4678,4681,4686,4688,4691,4703,4709,4710,4729,4731,4744,4750,4759,4764,4765,4767,4774,4781,4789,4806,4821,4829,4855,4860,4891,4899,4901,4919,4922,4927,4938,4941,4948,4958,4980,4985,4986,5023,5032,5052,5057,5058,5067,5073,5085,5088,5108,5113,5121,5142,5150,5173,5174,5180,5193,5209,5211,5222,5238
Internal Node
Do you want some action movies?
Leaf Node
48,169,339,395,396,416,417,427,428,442,464,475,478,500,514,530,538,539,612,698,702,712,717,745,791,798,817,831,832,835,842,863,880,918,920,940,958,972,980,981,998,1004,1018,1023,1042,1071,1072,1083,1093,1097,1102,1122,1128,1145,1153,1158,1173,1200,1212,1214,1216,1227,1234,1260,1265,1272,1300,1322,1326,1328,1349,1357,1358,1360,1365,1380,1428,1429,1449,1452,1457,1463,1472,1481,1484,1491,1495,1500,1511,1528,1534,1546,1562,1570,1571,1592,1605,1620,1628,1649,1660,1662,1664,1671,1676,1695,1709,1710,1713,1724,1735,1743,1748,1753,1778,1828,1869,1876,1887,1888,1891,1899,1915,1928,1931,1945,1971,2007,2022,2029,2031,2042,2049,2064,2078,2098,2116,2135,2144,2173,2207,2208,2216,2222,2228,2263,2270,2291,2332,2350,2359,2376,2387,2408,2450,2453,2464,2472,2483,2487,2492,2499,2546,2572,2576,2608,2622,2631,2644,2646,2660,2670,2711,2716,2719,2720,2727,2752,2756,2779,2788,2795,2798,2805,2831,2865,2874,2887,2901,2906,2907,2910,2911,2914,2926,2927,2931,2934,2950,2964,2990,3000,3024,3025,3031,3038,3050,3093,3094,3129,3133,3137,3148,3162,3201,3247,3260,3267,3268,3297,3306,3322,3351,3390,3403,3411,3413,3420,3421,3430,3441,3476,3479,3492,3495,3502,3504,3506,3511,3515,3543,3581,3586,3588,3589,3593,3604,3610,3618,3621,3629,3687,3695,3701,3720,3723,3731,3739,3742,3772,3776,3787,3792,3798,3799,3800,3807,3810,3832,3837,3852,3854,3866,3883,3893,3913,3929,3932,3975,4007,4011,4028,4040,4053,4059,4070,4077,4078,4079,4094,4142,4155,4162,4167,4169,4190,4202,4235,4238,4266,4283,4293,4303,4306,4308,4322,4323,4324,4325,4331,4382,4392,4395,4402,4403,4409,4414,4439,4451,4469,4470,4482,4491,4498,4505,4510,4512,4517,4544,4567,4572,4576,4588,4635,4645,4655,4694,4696,4698,4702,4707,4712,4715,4740,4751,4771,4795,4797,4803,4804,4805,4825,4845,4857,4863,4866,4868,4869,4876,4882,4886,4887,4912,4916,4918,4928,4930,4932,4937,4945,4953,4964,4999,5004,5028,5029,5040,5045,5060,5072,5077,5080,5083,5089,5096,5107,5109,5118,5119,5127,5217,5220,5226,5247,5255,5256
Leaf Node
7,10,20,27,39,43,69,99,102,104,112,123,143,147,153,155,165,168,178,187,189,206,231,235,237,250,274,282,287,288,289,290,299,303,311,312,313,314,315,325,333,342,343,355,363,370,386,389,398,400,419,420,422,431,435,437,444,448,453,458,459,460,461,472,506,513,520,528,529,542,557,558,564,570,574,575,576,581,583,590,591,595,607,608,610,619,620,621,622,623,624,630,633,648,653,654,656,676,691,692,695,714,716,721,725,726,730,732,740,744,762,763,764,767,775,785,796,800,802,813,814,820,825,826,827,828,834,837,838,844,846,849,850,859,864,869,873,874,875,877,879,882,884,889,890,897,899,909,910,914,927,928,929,941,942,944,949,953,957,968,969,970,971,978,985,989,1009,1011,1013,1019,1022,1027,1028,1030,1031,1032,1033,1034,1044,1047,1048,1049,1050,1054,1055,1056,1073,1077,1078,1079,1080,1081,1086,1087,1090,1091,1092,1094,1099,1101,1106,1107,1110,1117,1123,1124,1129,1131,1137,1140,1141,1142,1148,1152,1155,1159,1160,1161,1172,1176,1177,1178,1181,1182,1183,1184,1185,1186,1189,1192,1193,1203,1205,1208,1211,1215,1218,1223,1225,1226,1229,1231,1235,1236,1237,1241,1242,1243,1244,1245,1247,1252,1254,1255,1256,1258,1259,1262,1266,1268,1269,1270,1271,1273,1274,1278,1287,1289,1295,1298,1308,1310,1311,1312,1314,1319,1320,1325,1327,1334,1336,1338,1340,1342,1343,1348,1355,1356,1362,1368,1370,1372,1377,1378,1381,1382,1383,1384,1385,1389,1390,1392,1394,1395,1396,1398,1399,1401,1402,1403,1405,1407,1408,1409,1413,1416,1419,1423,1431,1433,1435,1436,1438,1440,1441,1442,1445,1446,1451,1454,1455,1460,1464,1466,1467,1468,1471,1473,1477,1478,1483,1485,1488,1490,1493,1494,1496,1497,1498,1504,1505,1506,1507,1508,1509,1510,1516,1517,1520,1522,1523,1525,1526,1527,1531,1533,1536,1537,1542,1543,1548,1549,1550,1554,1557,1558,1559,1569,1577,1579,1581,1582,1585,1588,1593,1594,1598,1600,1601,1602,1604,1606,1612,1613,1614,1615,1621,1629,1631,1632,1635,1637,1642,1643,1644,1645,1647,1652,1653,1654,1658,1659,1666,1667,1673,1677,1679,1682,1685,1686,1687,1689,1694,1696,1697,1699,1700,1702,1703,1707,1708,1711,1714,1716,1719,1722,1725,1730,1737,1739,1740,1744,1754,1757,1763,1764,1771,1775,1789,1795,1803,1804,1806,1807,1815,1822,1827,1871,1875,1878,1879,1886,1897,1898,1901,1905,1914,1916,1925,1938,1940,1941,1942,1951,1952,1960,1983,1992,1998,2001,2002,2003,2005,2014,2025,2028,2035,2036,2041,2043,2057,2061,2065,2067,2068,2073,2081,2086,2094,2096,2099,2123,2124,2125,2127,2134,2140,2145,2151,2154,2169,2175,2177,2183,2184,2187,2194,2197,2198,2220,2221,2229,2233,2237,2241,2243,2245,2246,2249,2258,2259,2266,2267,2274,2299,2311,2317,2322,2323,2324,2328,2330,2334,2347,2352,2362,2369,2370,2371,2375,2377,2379,2381,2382,2383,2391,2398,2401,2402,2417,2424,2432,2438,2440,2442,2443,2446,2449,2458,2459,2460,2463,2465,2471,2476,2479,2480,2489,2498,2500,2503,2522,2527,2528,2542,2545,2548,2552,2554,2569,2570,2580,2581,2586,2590,2591,2593,2594,2596,2599,2600,2606,2609,2614,2615,2627,2628,2634,2639,2645,2650,2651,2654,2665,2667,2669,2672,2676,2685,2686,2690,2701,2704,2709,2724,2734,2737,2739,2751,2755,2758,2759,2767,2771,2785,2786,2790,2791,2793,2799,2808,2811,2816,2824,2827,2829,2835,2837,2838,2843,2849,2851,2855,2857,2861,2864,2879,2880,2881,2895,2902,2905,2909,2917,2924,2925,2928,2929,2932,2933,2945,2955,2957,2961,2962,2983,2985,2993,3007,3017,3018,3019,3027,3032,3033,3034,3035,3039,3044,3049,3051,3052,3056,3058,3060,3061,3063,3064,3065,3067,3073,3076,3079,3081,3096,3105,3107,3114,3123,3125,3126,3132,3136,3143,3144,3149,3150,3157,3163,3165,3169,3174,3179,3185,3188,3189,3191,3205,3206,3209,3211,3214,3239,3244,3249,3252,3254,3258,3264,3272,3275,3276,3284,3291,3293,3298,3299,3304,3305,3312,3314,3315,3320,3323,3325,3334,3342,3349,3358,3366,3369,3372,3373,3379,3388,3396,3397,3399,3400,3401,3402,3405,3407,3408,3410,3412,3417,3424,3425,3427,3428,3431,3439,3449,3457,3464,3465,3474,3475,3478,3485,3501,3507,3509,3516,3517,3518,3520,3523,3533,3538,3539,3549,3556,3557,3558,3560,3561,3567,3568,3569,3570,3573,3575,3577,3580,3584,3590,3602,3605,3606,3607,3612,3624,3637,3638,3639,3644,3648,3651,3655,3660,3662,3665,3673,3678,3679,3680,3681,3688,3690,3692,3700,3702,3705,3706,3711,3717,3721,3724,3729,3732,3735,3746,3752,3753,3756,3762,3766,3773,3783,3788,3790,3793,3801,3820,3826,3827,3828,3835,3840,3843,3847,3853,3860,3861,3864,3868,3876,3877,3879,3884,3888,3896,3900,3904,3905,3906,3907,3915,3934,3935,3936,3942,3943,3946,3952,3953,3959,3964,3972,3980,3984,3986,3989,3990,3995,3998,3999,4000,4001,4010,4018,4023,4025,4027,4036,4037,4056,4061,4075,4081,4090,4091,4092,4093,4095,4096,4101,4104,4109,4111,4114,4127,4129,4130,4132,4144,4146,4147,4152,4154,4157,4158,4159,4161,4168,4172,4175,4180,4181,4188,4191,4205,4206,4210,4215,4219,4230,4231,4234,4239,4251,4252,4255,4258,4259,4260,4265,4268,4269,4275,4276,4282,4284,4297,4298,4309,4310,4312,4330,4338,4339,4345,4347,4348,4349,4350,4354,4357,4361,4362,4366,4367,4371,4375,4378,4397,4398,4401,4408,4410,4416,4418,4420,4422,4425,4427,4428,4429,4432,4433,4435,4444,4446,4447,4448,4449,4454,4455,4460,4465,4466,4472,4476,4485,4488,4500,4501,4503,4507,4509,4516,4520,4524,4530,4533,4534,4535,4543,4546,4547,4548,4549,4550,4552,4553,4566,4568,4571,4575,4579,4580,4583,4590,4591,4594,4599,4601,4602,4603,4611,4616,4617,4621,4622,4625,4626,4629,4630,4633,4637,4639,4640,4643,4651,4652,4654,4657,4660,4662,4664,4665,4668,4669,4672,4682,4685,4689,4692,4693,4695,4699,4700,4704,4711,4713,4714,4718,4720,4723,4725,4726,4727,4730,4733,4736,4737,4739,4743,4749,4752,4753,4754,4755,4756,4760,4761,4763,4766,4775,4776,4779,4782,4784,4791,4798,4807,4810,4814,4815,4816,4817,4818,4819,4824,4836,4837,4840,4842,4844,4846,4849,4850,4851,4854,4858,4862,4867,4872,4873,4879,4892,4893,4895,4896,4897,4898,4905,4910,4914,4921,4929,4931,4949,4952,4955,4957,4960,4963,4965,4966,4968,4969,4972,4976,4977,4982,4983,4984,4987,4990,4991,4994,4997,4998,5000,5013,5021,5027,5030,5031,5033,5034,5044,5046,5047,5050,5056,5064,5065,5066,5070,5071,5074,5076,5079,5082,5086,5087,5093,5094,5100,5101,5102,5104,5114,5116,5117,5120,5122,5123,5133,5134,5135,5136,5137,5138,5139,5140,5141,5143,5144,5147,5148,5149,5152,5153,5154,5157,5159,5161,5162,5166,5167,5169,5171,5172,5175,5177,5179,5182,5184,5185,5186,5187,5188,5189,5190,5191,5194,5195,5198,5199,5201,5202,5203,5204,5205,5206,5208,5212,5214,5215,5218,5221,5224,5225,5228,5229,5231,5236,5237,5240,5242,5243,5245,5249,5251,5253,5254,5257,5258,5259
Internal Node
Do you want some movies with high budget?
Internal Node
Do you want some movies that are longer than 100 minutes?
Internal Node
Do you want some action movies?
Leaf Node
2351,3156,3498,3499,3675,3919,4557,4956
Leaf Node
559,585,2847
Internal Node
Do you want some action movies?
Leaf Node
3042,3617
Leaf Node
1469,1723,3146
Internal Node
Do you want some movies that are longer than 100 minutes?
Internal Node
Do you want some action movies?
Leaf Node
73,74,139,242,255,319,414,596,644,729,742,793,819,833,856,892,932,963,1095,1116,1138,1165,1170,1188,1191,1228,1232,1246,1288,1290,1303,1304,1352,1359,1406,1456,1480,1502,1513,1661,1712,1765,1766,1770,1781,1910,1953,1969,2006,2034,2053,2149,2150,2156,2193,2199,2209,2271,2283,2319,2321,2346,2367,2411,2473,2474,2484,2491,2536,2583,2584,2613,2666,2679,2747,2772,2774,2802,2845,2890,2892,2900,2937,3041,3069,3071,3087,3089,3116,3117,3134,3182,3183,3204,3208,3283,3287,3290,3310,3343,3352,3360,3365,3370,3375,3380,3384,3385,3415,3442,3451,3453,3514,3525,3527,3554,3578,3608,3616,3697,3714,3715,3749,3763,3768,3774,3791,3836,3878,3892,3925,3927,3928,3949,3956,3957,3961,3965,3970,3971,3979,4004,4005,4016,4019,4020,4024,4038,4051,4088,4100,4107,4116,4134,4139,4143,4150,4163,4204,4227,4257,4311,4337,4353,4384,4389,4405,4463,4477,4479,4481,4518,4525,4529,4532,4570,4612,4615,4623,4627,4650,4680,4809,4874,4894,4904,4909,4978,5041,5042,5053,5054,5068
Leaf Node
8,25,40,56,65,66,91,137,145,164,214,236,357,383,392,402,404,408,491,638,639,652,665,675,678,700,739,765,946,1098,1166,1175,1180,1196,1198,1217,1220,1230,1264,1291,1369,1404,1499,1512,1515,1518,1529,1532,1551,1578,1599,1603,1622,1625,1636,1646,1648,1704,1718,1728,1742,1746,1752,1759,1810,1817,1821,1855,1865,1881,1889,1893,1903,1913,1943,1947,1948,1958,1961,1982,1984,1987,2004,2009,2012,2017,2023,2047,2075,2076,2087,2104,2120,2147,2148,2180,2200,2214,2238,2247,2251,2295,2318,2320,2356,2396,2419,2420,2423,2429,2444,2457,2488,2490,2521,2531,2538,2567,2626,2632,2664,2696,2710,2731,2765,2766,2782,2783,2800,2812,2848,2943,2951,2970,3008,3015,3086,3091,3092,3098,3106,3109,3111,3113,3130,3131,3151,3199,3227,3238,3270,3274,3279,3281,3282,3289,3345,3357,3374,3376,3377,3409,3446,3459,3466,3508,3522,3534,3548,3572,3591,3595,3601,3615,3642,3649,3656,3683,3710,3713,3716,3751,3765,3775,3786,3796,3842,3844,3855,3871,3881,3886,3898,3921,3926,3937,3948,3960,3973,3974,3981,3982,4014,4026,4030,4032,4033,4041,4050,4052,4098,4102,4110,4121,4137,4138,4153,4156,4194,4201,4203,4216,4218,4222,4223,4224,4232,4242,4281,4285,4291,4328,4341,4342,4351,4376,4391,4393,4407,4424,4436,4445,4456,4467,4475,4478,4494,4499,4513,4519,4523,4538,4541,4555,4556,4569,4582,4592,4606,4607,4609,4638,4656,4658,4675,4676,4679,4705,4706,4721,4741,4742,4762,4768,4772,4773,4777,4778,4799,4808,4813,4820,4832,4834,4839,4843,4853,4856,4870,4871,4875,4877,4880,4888,4889,4903,4906,4907,4908,4913,4915,4923,4925,4926,4934,4942,4947,4950,4951,4967,4971,4973,4974,4981,5003,5005,5008,5009,5014,5017,5018,5019,5024,5035,5036,5038,5039,5043,5048,5051,5075,5084,5090,5091,5092,5105,5110,5111,5164,5165,5170,5178,5181,5183,5196,5197,5213,5223,5227,5230,5232,5233,5234,5235,5244,5252,5262
Internal Node
Do you want some action movies?
Leaf Node
6,38,531,555,556,858,905,907,1039,1074,1076,1169,1190,1194,1222,1541,1555,1563,1566,1567,1573,1591,1596,1607,1638,1639,1650,1680,1698,1706,1717,1745,1755,1767,1774,1783,1785,1796,1797,1799,1837,1843,1844,1845,1846,1847,1848,1849,1850,1851,1852,1853,1857,1858,1860,1890,1909,1917,1918,1919,1920,1921,1934,1939,1999,2069,2102,2143,2157,2162,2230,2231,2232,2264,2300,2329,2340,2353,2364,2385,2407,2467,2512,2516,2566,2597,2619,2629,2675,2792,2796,2807,2823,2846,2869,2870,2956,2999,3030,3059,3074,3103,3139,3152,3175,3200,3229,3273,3364,3367,3456,3505,3571,3643,3657,3667,3699,3794,3815,3838,3839,3858,3873,3885,3889,3890,3903,4029,4042,4045,4080,4125,4135,4148,4149,4183,4195,4200,4213,4226,4264,4290,4317,4329,4381,4400,4437,4458,4474,4484,4560,4593,4596,4647,4661,4708,4732,4735,4746,4747,4770,4780,4783,4793,4796,4823,4830,4831,4833,4835,4861,4885,4890,4959,4970,4975,4992,5012,5020,5106,5128,5131,5207
Leaf Node
103,148,154,175,245,323,374,445,512,594,634,641,647,657,668,719,751,768,776,792,795,906,930,1111,1147,1284,1315,1324,1341,1364,1373,1374,1375,1410,1418,1437,1458,1514,1521,1538,1556,1564,1583,1655,1691,1701,1720,1727,1738,1749,1760,1769,1772,1773,1784,1825,1826,1842,1854,1866,1867,1868,1906,1912,1922,1935,1936,1949,1988,1989,1990,2008,2013,2019,2026,2033,2054,2056,2071,2082,2097,2103,2129,2181,2182,2191,2195,2196,2202,2205,2210,2211,2215,2217,2234,2244,2248,2273,2280,2284,2285,2296,2297,2302,2303,2304,2325,2327,2333,2337,2341,2344,2354,2372,2378,2405,2410,2448,2451,2452,2468,2477,2478,2481,2495,2501,2504,2505,2506,2507,2508,2509,2510,2518,2530,2534,2541,2547,2561,2564,2568,2571,2574,2579,2589,2612,2637,2643,2663,2678,2680,2700,2705,2708,2712,2713,2721,2726,2746,2761,2769,2781,2789,2797,2836,2867,2913,3001,3009,3040,3043,3048,3057,3068,3070,3075,3082,3083,3095,3097,3108,3112,3119,3122,3145,3147,3154,3167,3170,3171,3172,3173,3184,3193,3194,3245,3250,3251,3253,3265,3266,3269,3277,3285,3302,3313,3324,3328,3336,3340,3346,3363,3381,3383,3386,3414,3452,3454,3458,3481,3510,3521,3526,3531,3532,3535,3545,3555,3563,3564,3565,3582,3592,3594,3611,3614,3623,3628,3635,3636,3641,3653,3671,3672,3674,3684,3694,3696,3709,3712,3741,3743,3767,3778,3779,3780,3789,3804,3806,3817,3841,3867,3870,3891,3894,3897,3901,3908,3910,3914,3918,3920,3924,3939,3950,3951,3954,3996,4015,4035,4039,4065,4069,4073,4082,4085,4113,4120,4123,4126,4131,4136,4165,4184,4185,4187,4189,4192,4193,4196,4208,4211,4212,4214,4217,4229,4236,4237,4240,4241,4247,4248,4250,4253,4254,4263,4270,4271,4272,4273,4277,4278,4279,4280,4287,4288,4289,4292,4294,4295,4296,4302,4304,4313,4314,4318,4320,4321,4326,4332,4334,4335,4336,4340,4344,4358,4360,4363,4364,4365,4368,4373,4379,4380,4388,4406,4417,4421,4423,4426,4431,4434,4440,4442,4443,4452,4461,4464,4502,4515,4521,4522,4526,4527,4528,4536,4540,4554,4558,4559,4561,4565,4573,4574,4584,4587,4597,4605,4608,4610,4618,4624,4628,4631,4642,4646,4649,4653,4663,4683,4684,4687,4697,4701,4716,4717,4719,4722,4724,4728,4734,4738,4745,4748,4757,4758,4769,4785,4786,4787,4788,4792,4794,4800,4801,4802,4811,4822,4826,4827,4838,4847,4848,4852,4859,4864,4865,4878,4881,4883,4884,4902,4911,4917,4920,4924,4933,4936,4939,4940,4943,4944,4946,4954,4961,4962,4979,4988,4989,4993,4995,4996,5001,5002,5006,5007,5010,5011,5015,5016,5022,5025,5026,5037,5049,5055,5059,5061,5062,5063,5069,5078,5081,5095,5097,5098,5099,5103,5112,5115,5124,5126,5129,5130,5132,5146,5151,5155,5156,5158,5160,5163,5168,5192,5200,5210,5216,5219,5239,5241,5246,5248,5250,5260,5261
